23,1
23,0
22,4
22,3
22,2
22,1
22,0
21,3
21,2
21,1
21,0
20,191
20,165
20,164
20,163
20,162
20,161
20,160
20,159
20,158
20,157
20,156
20,155
20,154
20,153
20,152
20,151
20,150
20,149
20,148
20,147
20,146
20,145
20,144
20,143
20,142
20,141
20,140
20,139
20,138
20,137
20,136
20,135
20,134
20,133
20,132
20,131
20,130
20,129
20,128
20,127
20,126
20,125
20,124
20,123
20,122
20,121
20,120
20,119
20,118
20,117
20,116
20,115
20,114
20,113
20,112
20,111
20,110
20,109
20,108
20,107
20,106
20,105
20,104
20,103
20,102
20,101
20,100
20,99
20,98
20,97
20,96
20,95
20,94
20,93
20,92
20,91
20,90
20,89
20,88
20,87
20,86
20,85
20,84
20,83
20,82
20,81
20,80
20,79
20,78
20,77
20,76
20,75
20,74
20,73
20,72
20,71
20,70
20,69
20,68
20,67
20,66
20,65
20,64
20,35
20,34
20,33
20,32
20,31
20,30
20,29
20,28
20,27
20,26
20,25
20,24
20,23
20,22
20,21
20,20
20,19
20,18
20,17
20,16
20,15
20,14
20,13
20,12
20,11
20,10
20,9
20,8
20,7
20,6
20,5
20,4
20,3
20,2
20,1
20,0
19,3
19,2
19,1
19,0
18,7
18,6
18,5
18,4
18,3
18,2
18,1
18,0
17,4
17,3
17,2
17,1
17,0
16,4
16,3
16,2
16,1
16,0
15,3
15,2
15,1
15,0
14,4
14,3
14,2
14,1
14,0
13,4
13,3
13,2
13,1
13,0
12,3
12,2
12,1
12,0
11,3
11,2
11,1
11,0
10,5
10,4
10,3
10,2
10,1
10,0
9,3
9,2
9,1
9,0
8,5
8,4
8,3
8,2
8,1
8,0
7,3
5,16
5,15
5,14
5,13
5,12
5,11
5,10
5,9
5,8
5,7
5,6
5,5
5,4
5,3
5,2
5,0
4,3
3,2
2,2
1,2
0,52
0,51
0,9
0,2
23,2
23,3
23,5
23,6
24,0
24,1
24,3
24,5
25,0
25,2
25,3
25,5
26,1
26,2
26,4
27,0
27,2
27,3
27,5
28,1
28,2
28,4
28,5
29,1
29,3
29,4
30,1
30,2
30,4
30,5
31,0
31,2
31,3
32,0
32,1
32,3
33,0
33,1
33,3
33,4
33,6
34,0
34,2
34,4
34,5
34,7
35,0
35,2
35,4
35,5
36,1
36,2
37,0
37,2
37,3
37,5
37,6
38,1
38,2
38,4
38,6
38,7
38,9
38,10
39,0
39,2
39,3
39,5
40,0
40,2
40,3
41,1
41,3
41,4
42,1
42,2
42,4
43,0
43,1
43,3
43,4
44,0
44,1
44,3
44,5
45,0
45,2
45,3
45,5
45,7
45,8
46,1
46,2
46,4
47,1
47,2
47,4
48,0
48,2
48,3
48,5
49,0
49,1
49,3
49,4
49,6
49,8
49,9
50,0
50,1
50,3
50,4
50,6
51,1
51,2
51,4
51,5
51,7
52,0
52,1
52,3
53,0
53,2
53,3
53,5
53,7
53,8
54,1
54,2
54,4
55,1
55,2
55,4
55,5
55,7
55,8
56,0
56,2
56,3
56,5
56,6
56,8
57,1
57,2
57,4
57,5
57,7
57,9
57,10
57,12
58,0
58,2
58,3
58,5
59,0
59,1
59,3
59,4
59,6
60,0
60,1
60,3
60,4
60,6
61,0
61,2
62,0
62,1
62,3
62,4
62,6
63,0
63,1
63,3
63,4
63,2
62,7
62,5
62,2
61,3
61,1
60,5
60,2
59,7
59,5
59,2
58,6
58,4
58,1
57,11
57,8
57,6
57,3
57,0
56,7
56,4
56,1
55,9
55,6
55,3
55,0
54,3
54,0
53,6
53,4
53,1
52,2
51,8
51,6
51,3
51,0
50,5
50,2
49,10
49,7
49,5
49,2
48,6
48,4
48,1
47,3
47,0
46,3
46,0
45,6
45,4
45,1
44,4
44,2
43,5
43,2
42,5
42,3
42,0
41,2
41,0
40,1
39,4
39,1
38,11
38,8
38,5
38,3
38,0
37,4
37,1
36,3
36,0
35,3
35,1
34,6
34,3
34,1
33,5
33,2
32,4
32,2
31,4
31,1
30,6
30,3
30,0
29,2
29,0
28,3
28,0
27,4
27,1
26,3
26,0
25,4
25,1
24,4
24,2
23,7
23,4
1,45
3,44
2,44
1,44
3,43
2,43
1,43
3,42
2,42
1,42
3,41
2,41
1,41
3,40
2,40
1,40
3,39
2,39
1,39
3,38
2,38
1,38
3,37
2,37
1,37
3,36
2,36
1,36
3,35
2,35
1,35
3,34
2,34
1,34
3,33
2,33
1,33
3,32
2,32
1,32
3,31
2,31
1,31
3,30
2,30
1,30
3,29
2,29
1,29
3,28
2,28
1,28
3,27
2,27
1,27
3,26
2,26
1,26
3,25
2,25
1,25
3,24
2,24
1,24
3,23
2,23
1,23
3,22
2,22
1,22
3,21
2,21
1,21
3,20
2,20
1,20
3,19
2,19
1,19
3,18
2,18
1,18
3,17
2,17
1,17
3,16
2,16
1,16
3,15
2,15
1,15
3,14
2,14
1,14
3,13
2,13
1,13
3,12
2,12
1,12
3,11
2,11
1,11
3,10
2,10
1,10
3,9
2,9
1,9
3,8
2,8
1,8
3,7
2,7
1,7
3,6
2,6
1,6
3,5
2,5
1,5
3,4
2,4
1,4
3,3
3,0
2,3
2,0
1,3
1,0
0,6
0,0
0,47
0,46
0,49
0,48
0,45
0,12
0,50
0,10
0,8
0,11
0,5
0,7
0,4
0,3
